255 255 255 255 255 255 255 255 255 255 255 255 255 255 255 255
255 255 255 255 255 255 255 255 255 255 255 255 255 255 255 255
255 255   0   0   0   0   0   0   0   0   0   0   0   0 255 255
255 255   0   0   0   0   0   0   0   0   0   0   0   0 255 255
255 255   0   0   0   0   0   0   0   0   0   0   0   0 255 255
255 255   0   0   0 255 255 105 255 255 255   0   0   0 255 255
255 255   0   0   0 255 255 255 255 255 255   0   0   0 255 255
255 255   0   0   0 255 255 255 205 255 255   0   0   0 255 255
255 255   0   0   0 255 255 217 212 255 255   0   0   0 255 255
255 255   0   0   0 255 255 218 209 255 255   0   0   0 255 255
255 255   0   0   0 255 255 221 214 255 255   0   0   0 255 255
255 255   0   0   0   0   0   0   0   0   0   0   0   0 255 255
255 255   0   0   0   0   0   0   0   0   0   0   0   0 255 255
255 255   0   0   0   0   0   0   0   0   0   0   0   0 255 255
255 255 255 255 255 255 255 255 255 255 255 255 255 255 255 255
255 255 255 255 255 255 255 255 255 255 255 255 255 255 255 255
255 255 255 255 255 255 255 255 255 255 255 255 255 255 255 255
255 255 255 255 255 255 255 255 255 255 255 255 255 255 255 255
255 255   0   0   0   0   0   0   0   0   0   0   0   0 255 255
255 255   0   0   0   0   0   0   0   0   0   0   0   0 255 255
255 255   0   0   0   0   0   0   0   0   0   0   0   0 255 255
255 255   0   0   0 255 255 106 255 255 255   0   0   0 255 255
255 255   0   0   0 255 255 255 255 255 255   0   0   0 255 255
255 255   0   0   0 255 255 255 202 255 255   0   0   0 255 255
255 255   0   0   0 255 255 218 214 255 255   0   0   0 255 255
255 255   0   0   0 255 255 215 211 255 255   0   0   0 255 255
255 255   0   0   0 255 255 216 212 255 255   0   0   0 255 255
255 255   0   0   0   0   0   0   0   0   0   0   0   0 255 255
255 255   0   0   0   0   0   0   0   0   0   0   0   0 255 255
255 255   0   0   0   0   0   0   0   0   0   0   0   0 255 255
255 255 255 255 255 255 255 255 255 255 255 255 255 255 255 255
255 255 255 255 255 255 255 255 255 255 255 255 255 255 255 255
255 255 255 255 255 255 255 255 255 255 255 255 255 255 255 255
255 255 255 255 255 255 255 255 255 255 255 255 255 255 255 255
255 255   0   0   0   0   0   0   0   0   0   0   0   0 255 255
255 255   0   0   0   0   0   0   0   0   0   0   0   0 255 255
255 255   0   0   0   0   0   0   0   0   0   0   0   0 255 255
255 255   0   0   0 255 255 187 255 255 255   0   0   0 255 255
255 255   0   0   0 255 255 255 255 255 255   0   0   0 255 255
255 255   0   0   0 255 255 255 202 255 255   0   0   0 255 255
255 255   0   0   0 255 255 224 221 255 255   0   0   0 255 255
255 255   0   0   0 255 255 218 220 255 255   0   0   0 255 255
255 255   0   0   0 255 255 217 215 255 255   0   0   0 255 255
255 255   0   0   0   0   0   0   0   0   0   0   0   0 255 255
255 255   0   0   0   0   0   0   0   0   0   0   0   0 255 255
255 255   0   0   0   0   0   0   0   0   0   0   0   0 255 255
255 255 255 255 255 255 255 255 255 255 255 255 255 255 255 255
255 255 255 255 255 255 255 255 255 255 255 255 255 255 255 255

255 255 255 255 255 255 255 255 255 255 255 255 255 255 255 255
255 214 153 153 153 153 153 153 153 153 153 153 153 153 214 255
255 153   0   0   0   0   0   0   0   0   0   0   0   0 153 255
255 153   0   0   0   0   0   0   0   0   0   0   0   0 153 255
255 153   0   0  10  52  52  52  52  52  52  10   0   0 153 255
255 153   0   0  52 255 255 255 255 255 255  52   0   0 153 255
255 153   0   0  52 255 255 255 255 255 255  52   0   0 153 255
255 153   0   0  52 235 201 226 218 217 225  52   0   0 153 255
255 153   0   0  52 165 185 238 230 227 233  52   0   0 153 255
255 153   0   0  52 237 228 254 255 255 255  52   0   0 153 255
255 153   0   0  52 255 255 255 255 255 255  52   0   0 153 255
255 153   0   0  10  52  52  52  52  52  52  10   0   0 153 255
255 153   0   0   0   0   0   0   0   0   0   0   0   0 153 255
255 153   0   0   0   0   0   0   0   0   0   0   0   0 153 255
255 214 153 153 153 153 153 153 153 153 153 153 153 153 214 255
255 255 255 255 255 255 255 255 255 255 255 255 255 255 255 255
255 255 255 255 255 255 255 255 255 255 255 255 255 255 255 255
255 214 153 153 153 153 153 153 153 153 153 153 153 153 214 255
255 153   0   0   0   0   0   0   0   0   0   0   0   0 153 255
255 153   0   0   0   0   0   0   0   0   0   0   0   0 153 255
255 153   0   0  10  52  52  52  52  52  52  10   0   0 153 255
255 153   0   0  52 255 255 255 255 255 255  52   0   0 153 255
255 153   0   0  52 255 255 255 255 255 255  52   0   0 153 255
255 153   0   0  52 234 200 224 219 217 223  52   0   0 153 255
255 153   0   0  52 163 183 236 229 227 232  52   0   0 153 255
255 153   0   0  52 237 228 254 255 255 255  52   0   0 153 255
255 153   0   0  52 255 255 255 255 255 255  52   0   0 153 255
255 153   0   0  10  52  52  52  52  52  52  10   0   0 153 255
255 153   0   0   0   0   0   0   0   0   0   0   0   0 153 255
255 153   0   0   0   0   0   0   0   0   0   0   0   0 153 255
255 214 153 153 153 153 153 153 153 153 153 153 153 153 214 255
255 255 255 255 255 255 255 255 255 255 255 255 255 255 255 255
255 255 255 255 255 255 255 255 255 255 255 255 255 255 255 255
255 214 153 153 153 153 153 153 153 153 153 153 153 153 214 255
255 153   0   0   0   0   0   0   0   0   0   0   0   0 153 255
255 153   0   0   0   0   0   0   0   0   0   0   0   0 153 255
255 153   0   0  10  52  52  52  52  52  52  10   0   0 153 255
255 153   0   0  52 255 255 255 255 255 255  52   0   0 153 255
255 153   0   0  52 255 255 255 255 255 255  52   0   0 153 255
255 153   0   0  52 234 224 226 224 224 226  52   0   0 153 255
255 153   0   0  52 208 226 237 233 232 233  52   0   0 153 255
255 153   0   0  52 248 247 254 255 255 255  52   0   0 153 255
255 153   0   0  52 255 255 255 255 255 255  52   0   0 153 255
255 153   0   0  10  52  52  52  52  52  52  10   0   0 153 255
255 153   0   0   0   0   0   0   0   0   0   0   0   0 153 255
255 153   0   0   0   0   0   0   0   0   0   0   0   0 153 255
255 214 153 153 153 153 153 153 153 153 153 153 153 153 214 255
255 255 255 255 255 255 255 255 255 255 255 255 255 255 255 255

255 255 255 255 255 255 255 255 255 255 255 255 255 255 255 255
255 214 153 153 153 153 153 153 153 153 153 153 153 153 214 255
255 153   0   0   0   0   0   0   0   0   0   0   0   0 153 255
255 153   0   0   0   0   0   0   0   0   0   0   0   0 153 255
255 153   0   0  10  52  52  52  52  52  52  10   0   0 153 255
255 153   0   0  52 255 255 225 233 255 255  52   0   0 153 255
255 153   0   0  52 255 255 217 227 255 255  52   0   0 153 255
255 153   0   0  52 255 255 218 230 255 255  52   0   0 153 255
255 153   0   0  52 255 255 226 238 254 255  52   0   0 153 255
255 153   0   0  52 255 255 201 185 228 255  52   0   0 153 255
255 153   0   0  52 255 255 235 165 237 255  52   0   0 153 255
255 153   0   0  10  52  52  52  52  52  52  10   0   0 153 255
255 153   0   0   0   0   0   0   0   0   0   0   0   0 153 255
255 153   0   0   0   0   0   0   0   0   0   0   0   0 153 255
255 214 153 153 153 153 153 153 153 153 153 153 153 153 214 255
255 255 255 255 255 255 255 255 255 255 255 255 255 255 255 255
255 255 255 255 255 255 255 255 255 255 255 255 255 255 255 255
255 214 153 153 153 153 153 153 153 153 153 153 153 153 214 255
255 153   0   0   0   0   0   0   0   0   0   0   0   0 153 255
255 153   0   0   0   0   0   0   0   0   0   0   0   0 153 255
255 153   0   0  10  52  52  52  52  52  52  10   0   0 153 255
255 153   0   0  52 255 255 223 232 255 255  52   0   0 153 255
255 153   0   0  52 255 255 217 227 255 255  52   0   0 153 255
255 153   0   0  52 255 255 219 229 255 255  52   0   0 153 255
255 153   0   0  52 255 255 224 236 254 255  52   0   0 153 255
255 153   0   0  52 255 255 200 183 228 255  52   0   0 153 255
255 153   0   0  52 255 255 234 163 237 255  52   0   0 153 255
255 153   0   0  10  52  52  52  52  52  52  10   0   0 153 255
255 153   0   0   0   0   0   0   0   0   0   0   0   0 153 255
255 153   0   0   0   0   0   0   0   0   0   0   0   0 153 255
255 214 153 153 153 153 153 153 153 153 153 153 153 153 214 255
255 255 255 255 255 255 255 255 255 255 255 255 255 255 255 255
255 255 255 255 255 255 255 255 255 255 255 255 255 255 255 255
255 214 153 153 153 153 153 153 153 153 153 153 153 153 214 255
255 153   0   0   0   0   0   0   0   0   0   0   0   0 153 255
255 153   0   0   0   0   0   0   0   0   0   0   0   0 153 255
255 153   0   0  10  52  52  52  52  52  52  10   0   0 153 255
255 153   0   0  52 255 255 226 233 255 255  52   0   0 153 255
255 153   0   0  52 255 255 224 232 255 255  52   0   0 153 255
255 153   0   0  52 255 255 224 233 255 255  52   0   0 153 255
255 153   0   0  52 255 255 226 237 254 255  52   0   0 153 255
255 153   0   0  52 255 255 224 226 247 255  52   0   0 153 255
255 153   0   0  52 255 255 234 208 248 255  52   0   0 153 255
255 153   0   0  10  52  52  52  52  52  52  10   0   0 153 255
255 153   0   0   0   0   0   0   0   0   0   0   0   0 153 255
255 153   0   0   0   0   0   0   0   0   0   0   0   0 153 255
255 214 153 153 153 153 153 153 153 153 153 153 153 153 214 255
255 255 255 255 255 255 255 255 255 255 255 255 255 255 255 255

255 255 255 255 255 255 255 255 255 255 255 255 255 255 255 255
255 214 153 153 153 153 153 153 153 153 153 153 153 153 214 255
255 153   0   0   0   0   0   0   0   0   0   0   0   0 153 255
255 153   0   0   0   0   0   0   0   0   0   0   0   0 153 255
255 153   0   0  10  52  52  52  52  52  52  10   0   0 153 255
255 153   0   0  52 255 255 255 255 255 255  52   0   0 153 255
255 153   0   0  52 255 255 255 254 228 237  52   0   0 153 255
255 153   0   0  52 233 227 230 238 185 165  52   0   0 153 255
255 153   0   0  52 225 217 218 226 201 235  52   0   0 153 255
255 153   0   0  52 255 255 255 255 255 255  52   0   0 153 255
255 153   0   0  52 255 255 255 255 255 255  52   0   0 153 255
255 153   0   0  10  52  52  52  52  52  52  10   0   0 153 255
255 153   0   0   0   0   0   0   0   0   0   0   0   0 153 255
255 153   0   0   0   0   0   0   0   0   0   0   0   0 153 255
255 214 153 153 153 153 153 153 153 153 153 153 153 153 214 255
255 255 255 255 255 255 255 255 255 255 255 255 255 255 255 255
255 255 255 255 255 255 255 255 255 255 255 255 255 255 255 255
255 214 153 153 153 153 153 153 153 153 153 153 153 153 214 255
255 153   0   0   0   0   0   0   0   0   0   0   0   0 153 255
255 153   0   0   0   0   0   0   0   0   0   0   0   0 153 255
255 153   0   0  10  52  52  52  52  52  52  10   0   0 153 255
255 153   0   0  52 255 255 255 255 255 255  52   0   0 153 255
255 153   0   0  52 255 255 255 254 228 237  52   0   0 153 255
255 153   0   0  52 232 227 229 236 183 163  52   0   0 153 255
255 153   0   0  52 223 217 219 224 200 234  52   0   0 153 255
255 153   0   0  52 255 255 255 255 255 255  52   0   0 153 255
255 153   0   0  52 255 255 255 255 255 255  52   0   0 153 255
255 153   0   0  10  52  52  52  52  52  52  10   0   0 153 255
255 153   0   0   0   0   0   0   0   0   0   0   0   0 153 255
255 153   0   0   0   0   0   0   0   0   0   0   0   0 153 255
255 214 153 153 153 153 153 153 153 153 153 153 153 153 214 255
255 255 255 255 255 255 255 255 255 255 255 255 255 255 255 255
255 255 255 255 255 255 255 255 255 255 255 255 255 255 255 255
255 214 153 153 153 153 153 153 153 153 153 153 153 153 214 255
255 153   0   0   0   0   0   0   0   0   0   0   0   0 153 255
255 153   0   0   0   0   0   0   0   0   0   0   0   0 153 255
255 153   0   0  10  52  52  52  52  52  52  10   0   0 153 255
255 153   0   0  52 255 255 255 255 255 255  52   0   0 153 255
255 153   0   0  52 255 255 255 254 247 248  52   0   0 153 255
255 153   0   0  52 233 232 233 237 226 208  52   0   0 153 255
255 153   0   0  52 226 224 224 226 224 234  52   0   0 153 255
255 153   0   0  52 255 255 255 255 255 255  52   0   0 153 255
255 153   0   0  52 255 255 255 255 255 255  52   0   0 153 255
255 153   0   0  10  52  52  52  52  52  52  10   0   0 153 255
255 153   0   0   0   0   0   0   0   0   0   0   0   0 153 255
255 153   0   0   0   0   0   0   0   0   0   0   0   0 153 255
255 214 153 153 153 153 153 153 153 153 153 153 153 153 214 255
255 255 255 255 255 255 255 255 255 255 255 255 255 255 255 255
